111110000 111110011 
111000000 111011100 
111000000 111110000 
110010100 110110100 
110010100 110110111 
110000000 111000000 
110000000 110010100 
000000000 000000010 
000000000 110000000 
000000000 100010010 
110010000 110110000 
110010000 110010001 
000000000 110010000 
110110000 110110001 
111110000 111110000 
111110000 111110011 
110010000 110010001 
100010000 110010000 
100010000 110110000 
100010000 111110000 
100010000 110110000 
110000000 110110000 
000000000 110000000 
000000000 100010000
010011100 010111100 
010011100 110011100 
010011000 111011011 
010011000 010011100 
000000000 010011000 
110010000 110110011 
110010000 111110011 
110010000 111010000 
110010000 110011111 
110010000 110110000 
111110000 111110000 
111110000 111110001 
111110000 111110000 
110110000 110110010 
110110000 111110000 
110010000 110010000 
110010000 110110000 
110010000 110010000 
110010000 111110000 
110110010 111111111 
100010000 110110000 
110110000 111110000 
110110000 110111100 
100010000 110110000 
111010000 111110000 
111010000 111110000 
110010011 111011011 
110010011 110110011 
110010001 110110001 
110010001 110010011 
110110000 111111100 
110010000 110011010 
110010000 110110000 
110010000 110110001 
110010000 110110000 
110010000 111110000 
110010000 111010011 
110010000 110110000 
110010000 110010000 
110010000 110010001 
110010000 111010000 
110010000 111111111 
110010000 111010000 
110010000 110010010 
100010000 110010000 
100010000 110110010 
100010000 110010000 
111110011 111110111
111110011 111110011 
111110011 111110111 
110110011 110110111 
110110011 111110011 
100010000 110110011 
110010000 110110010 
110010000 110010100 
110010000 111110011 
110010000 111110000 
111110011 111111111 
111110011 111110111 
111110011 111110011 
111010000 111110011 
110010000 110110000 
110010000 111010000 
110110011 111110011 
111110000 111110011 
110110000 110110011 
110110000 111110000 
110010000 110110000 
110010000 111010000 
110010000 110010011 
111110000 111110011 
110010011 111010011 
110010011 110110011 
110010011 111110011 
110010011 110010011 
110010000 111110000 
110010000 110010011 
110010000 111110011 
110010000 110010001 
110010000 111010010 
110010000 110110011 
110010000 111110000 
110011100 111111111 
110010000 110010011 
110010000 110011100 
110010000 110010000 
110010000 110110001 
110010000 110110000 
111110011 111111011 
110010000 111110011 
110010000 111110000 
110000000 111000000 
110000000 110010000 
110000000 110111111 
110000000 110110000 
110000000 110010000 
110000000 110110000 
110000000 110010000 
110000000 110010000 
110000000 110111000 
111110000 111110000 
101110000 101110000 
101110000 111110000 
101010000 111011100 
101010000 101110000 
111010000 111111111 
101010000 111010000 
110010000 110010011 
110010000 110010000 
100010000 110010000 
100010000 100110000 
100010000 110111000 
100010000 100010000 
100010000 110010000 
100010000 110010000 
110010001 111110001 
110010001 110010011 
110010000 110010001 
110010000 110011100 
111010000 111110000 
111010000 111011111 
111010000 111110000 
110010000 111010000 
111010000 111010001 
111010000 111110000 
110010000 111010000 
100010000 110010000 
100010000 110111111 
110110000 111110000 
110110000 110110000 
110010000 110110000
110010000 111010100 
100010000 110010000 
100010000 110111101 
110010000 111110000 
110010000 110010011 
110010000 111110000 
100010000 110010000 
100010000 111110001 
100010000 101010000 
100000000 110000000 
100000000 100010000 
100000000 100010000 
100000000 110110001 
110110000 111111100 
110110000 110110010 
100000000 110110000 
000000000 111110011 
000000000 110010000 
110010000 111111111 
110010000 111110000 
110010000 110110000 
110010000 110011100 
110000000 110100001 
110000000 110010000 
100010000 110110100 
100000000 100010000
100000000 110001001 
111010000 111010011 
110010000 111010000 
110010000 110110000 
110010000 110010010 
110010000 110010001 
110010000 110010000 
110010000 110010000 
110010000 110010010 
110010000 111010000 
110000000 110010000 
110000000 111000001 
100000000 100000000 
100000000 110000000 
100000000 110110000 
110010000 111110110 
100000000 110010000 
100000000 110110000 
100000000 110000000 
110110000 110110010 
110010000 110110000 
110010000 110010010 
000000000 110010000 
000000000 000000000 
000000000 100110100 
000000000 110110000 
000000000 100010000 
000000000 110000000 
110010000 110010000 
110010000 111010000 
000000000 110010000 
000000000 110000000 
110000000 111000011 
110000000 110100000 
110000000 110010000 
110000000 110110000 
111110000 111111100 
110000000 111000000 
110010000 110010000 
110010000 110010101 
110010000 110010001 
111010000 111111100 
111010000 111110010 
110010000 111010000 
110010000 110110000 
110010000 110010000 
110011100 111011100 
110010000 110011100 
110000000 110000000 
110000000 110010000 
110000000 111110000 
000000000 110000000 
000000000 100000000 
110010000 110010010 
100010000 110010000 
100010000 101111100 
100010000 110010011 
110010000 110110000 
110010000 110010001 
110010000 110010010 
110010000 110110000 
111010000 111010100 
111010000 111010000 
111010000 111111100 
111110000 111110111 
111110000 111110000 
111010000 111110000 
111010000 111110000 
000000000 111010000 
000000000 110010000 
000000000 110110000 
000000000 100010000 
000000000 110010000 
000000000 100000000 
000000000 100010000 
110010000 110011100 
110010000 110110000 
110010000 111110010 
000000000 110010000 
000000000 110011000 
000000000 110000000 
000100000 111110000 
000000000 000100000 
000000000 110000000 
110100000 111110000 
110110000 110110001 
110110000 110110000 
110100000 110100000 
110100000 110110000 
111110000 111110101 
111110000 111110000 
111110000 111111011 
110010000 110110100 
110010000 110110001 
110010000 110010011 
110010000 110110000 
110010000 110110000 
110010000 110010000 
110000000 110010000 
110000000 110010000 
110000000 110010000 
110000000 110100000 
110000000 110010000 
110010000 110110000 
110000000 110010000 
110000000 110110000 
110000000 110010000 
110000000 110010000 
110000000 110010000 
110000000 110010000 
110000000 110100000 
110000000 110110000 
110010000 110110000 
110110000 110111100 
110100000 110100010 
110100000 110110000 
110000000 110010000 
110000000 110100000 
110000000 110000010 
110000000 111010000 
110000000 110010000 
110000000 110010000 
110000000 110110000 
110000000 110110000 
110000000 110110010 
110000000 110110000 
110000000 110010000 
110000000 110110000 
110000000 110010000
110000000 110110000 
110010000 110111100 
110010000 110110000 
110010000 110010100 
110010000 110111100 
110010000 110010001 
110010000 110110000
110010000 110010000
110010000 110110000 
110010000 110010000 
110000011 110111011 
110000011 110000011 
110000011 110110011 
110000011 110000011 
110000011 110110011 
110000000 110000011 
110000000 110010000 
110000000 110110000 
110000000 110010000 
110010000 110010011 
110010000 110110000 
110010000 110011111 
110110000 110110000 
110110000 110110111 
110010000 110110000 
110000000 110010000 
110000000 110110000 
110000000 110010000 
110000000 110010000 
110010000 110010000 
110010000 111110011 
110010000 110110000 
110010000 110111000 
110010000 110110010 
110000000 110000011 
110000000 110010000 
110000000 110110000 
110000000 110010000 
110000000 110010000 
110010000 110110000 
110000000 110010000
110000000 110010001 
110000000 111111111 
110000000 110010000 
110110000 110111111 
110000000 110110000 
110000000 110010000 
110000000 110110000 
110000000 110010000 
110000000 110010111 
110000000 110010000 
110000000 110110000 
110000000 110110000 
110000000 110110011 
110110010 110110011 
110000000 110110010 
110000000 110010000 
110000000 110110000 
110000000 110010000 
110000000 111110000 
110000000 111010000 
110000000 110010000 
110000000 110010011 
110000000 110110000 
110000000 110110000 
110000000 111000000 
110000000 110110011 
110000000 110110000 
110000000 111110000 
110000000 110010100 
110000000 110010000 
110000000 111110000 
110000000 110110001 
110000000 110010011 
110010011 110010111 
110010011 111110011 
110000000 110010011 
110000000 111010000 
111110010 111110011 
110110000 111110010 
110000000 110110000 
110000000 110010000 
110110000 110110000 
110110000 111110000 
110000000 110110000 
110000000 110100000 
110010000 110110000 
110010000 111010000 
110000000 110100000 
110000000 110010000 
110110000 110110011
110110000 111110000 
111000000 111010000 
111000000 111100000 
110000000 110100000 
110000000 111000000 
110000000 110000010 
110000000 110110000 
110000000 111000000 
110000000 110110011 
110000000 110000000 
110000000 110110000 
110000000 111110000 
110000000 111010000 
111010000 111010011 
111010000 111110000 
110000000 111010000 
110000000 110110011 
000000000 110000000 
110000000 110110011 
110000000 111000000 
110000000 111110000 
000000000 110000000 
000000000 110110000 
000000000 110000011 
000000000 110000000 
000000000 110110000 
